{
 "cells": [
  {
   "cell_type": "code",
   "execution_count": 21,
   "id": "f8a1b9e3",
   "metadata": {},
   "outputs": [],
   "source": [
    "import pandas as pd\n",
    "import statistics as st\n",
    "import numpy as nm\n",
    "import seaborn as sb\n",
    "import matplotlib as plt"
   ]
  },
  {
   "cell_type": "code",
   "execution_count": 22,
   "id": "45e6e72b",
   "metadata": {},
   "outputs": [],
   "source": [
    "data=pd.read_csv('exp2.csv')"
   ]
  },
  {
   "cell_type": "code",
   "execution_count": 23,
   "id": "d713a3c8",
   "metadata": {
    "scrolled": true
   },
   "outputs": [
    {
     "data": {
      "text/plain": [
       "Pregnancies                 0\n",
       "Glucose                     0\n",
       "BloodPressure               0\n",
       "SkinThickness               0\n",
       "Insulin                     0\n",
       "BMI                         0\n",
       "DiabetesPedigreeFunction    0\n",
       "Age                         0\n",
       "Outcome                     0\n",
       "dtype: int64"
      ]
     },
     "execution_count": 23,
     "metadata": {},
     "output_type": "execute_result"
    }
   ],
   "source": [
    "data.isnull().sum()"
   ]
  },
  {
   "cell_type": "code",
   "execution_count": 24,
   "id": "e18f9840",
   "metadata": {},
   "outputs": [
    {
     "name": "stdout",
     "output_type": "stream",
     "text": [
      "     Pregnancies  Glucose  BloodPressure  SkinThickness  Insulin   BMI  \\\n",
      "0              6      148             72             35        0  33.6   \n",
      "1              1       85             66             29        0  26.6   \n",
      "2              8      183             64              0        0  23.3   \n",
      "3              1       89             66             23       94  28.1   \n",
      "4              0      137             40             35      168  43.1   \n",
      "..           ...      ...            ...            ...      ...   ...   \n",
      "763           10      101             76             48      180  32.9   \n",
      "764            2      122             70             27        0  36.8   \n",
      "765            5      121             72             23      112  26.2   \n",
      "766            1      126             60              0        0  30.1   \n",
      "767            1       93             70             31        0  30.4   \n",
      "\n",
      "     DiabetesPedigreeFunction  Age  Outcome  \n",
      "0                       0.627   50        1  \n",
      "1                       0.351   31        0  \n",
      "2                       0.672   32        1  \n",
      "3                       0.167   21        0  \n",
      "4                       2.288   33        1  \n",
      "..                        ...  ...      ...  \n",
      "763                     0.171   63        0  \n",
      "764                     0.340   27        0  \n",
      "765                     0.245   30        0  \n",
      "766                     0.349   47        1  \n",
      "767                     0.315   23        0  \n",
      "\n",
      "[768 rows x 9 columns]\n"
     ]
    }
   ],
   "source": [
    "print(data)"
   ]
  },
  {
   "cell_type": "code",
   "execution_count": 25,
   "id": "fb7f5534",
   "metadata": {},
   "outputs": [
    {
     "data": {
      "text/html": [
       "<div>\n",
       "<style scoped>\n",
       "    .dataframe tbody tr th:only-of-type {\n",
       "        vertical-align: middle;\n",
       "    }\n",
       "\n",
       "    .dataframe tbody tr th {\n",
       "        vertical-align: top;\n",
       "    }\n",
       "\n",
       "    .dataframe thead th {\n",
       "        text-align: right;\n",
       "    }\n",
       "</style>\n",
       "<table border=\"1\" class=\"dataframe\">\n",
       "  <thead>\n",
       "    <tr style=\"text-align: right;\">\n",
       "      <th></th>\n",
       "      <th>Pregnancies</th>\n",
       "      <th>Glucose</th>\n",
       "      <th>BloodPressure</th>\n",
       "      <th>SkinThickness</th>\n",
       "      <th>Insulin</th>\n",
       "      <th>BMI</th>\n",
       "      <th>DiabetesPedigreeFunction</th>\n",
       "      <th>Age</th>\n",
       "      <th>Outcome</th>\n",
       "    </tr>\n",
       "  </thead>\n",
       "  <tbody>\n",
       "    <tr>\n",
       "      <th>Pregnancies</th>\n",
       "      <td>1.000000</td>\n",
       "      <td>0.129459</td>\n",
       "      <td>0.141282</td>\n",
       "      <td>-0.081672</td>\n",
       "      <td>-0.073535</td>\n",
       "      <td>0.017683</td>\n",
       "      <td>-0.033523</td>\n",
       "      <td>0.544341</td>\n",
       "      <td>0.221898</td>\n",
       "    </tr>\n",
       "    <tr>\n",
       "      <th>Glucose</th>\n",
       "      <td>0.129459</td>\n",
       "      <td>1.000000</td>\n",
       "      <td>0.152590</td>\n",
       "      <td>0.057328</td>\n",
       "      <td>0.331357</td>\n",
       "      <td>0.221071</td>\n",
       "      <td>0.137337</td>\n",
       "      <td>0.263514</td>\n",
       "      <td>0.466581</td>\n",
       "    </tr>\n",
       "    <tr>\n",
       "      <th>BloodPressure</th>\n",
       "      <td>0.141282</td>\n",
       "      <td>0.152590</td>\n",
       "      <td>1.000000</td>\n",
       "      <td>0.207371</td>\n",
       "      <td>0.088933</td>\n",
       "      <td>0.281805</td>\n",
       "      <td>0.041265</td>\n",
       "      <td>0.239528</td>\n",
       "      <td>0.065068</td>\n",
       "    </tr>\n",
       "    <tr>\n",
       "      <th>SkinThickness</th>\n",
       "      <td>-0.081672</td>\n",
       "      <td>0.057328</td>\n",
       "      <td>0.207371</td>\n",
       "      <td>1.000000</td>\n",
       "      <td>0.436783</td>\n",
       "      <td>0.392573</td>\n",
       "      <td>0.183928</td>\n",
       "      <td>-0.113970</td>\n",
       "      <td>0.074752</td>\n",
       "    </tr>\n",
       "    <tr>\n",
       "      <th>Insulin</th>\n",
       "      <td>-0.073535</td>\n",
       "      <td>0.331357</td>\n",
       "      <td>0.088933</td>\n",
       "      <td>0.436783</td>\n",
       "      <td>1.000000</td>\n",
       "      <td>0.197859</td>\n",
       "      <td>0.185071</td>\n",
       "      <td>-0.042163</td>\n",
       "      <td>0.130548</td>\n",
       "    </tr>\n",
       "    <tr>\n",
       "      <th>BMI</th>\n",
       "      <td>0.017683</td>\n",
       "      <td>0.221071</td>\n",
       "      <td>0.281805</td>\n",
       "      <td>0.392573</td>\n",
       "      <td>0.197859</td>\n",
       "      <td>1.000000</td>\n",
       "      <td>0.140647</td>\n",
       "      <td>0.036242</td>\n",
       "      <td>0.292695</td>\n",
       "    </tr>\n",
       "    <tr>\n",
       "      <th>DiabetesPedigreeFunction</th>\n",
       "      <td>-0.033523</td>\n",
       "      <td>0.137337</td>\n",
       "      <td>0.041265</td>\n",
       "      <td>0.183928</td>\n",
       "      <td>0.185071</td>\n",
       "      <td>0.140647</td>\n",
       "      <td>1.000000</td>\n",
       "      <td>0.033561</td>\n",
       "      <td>0.173844</td>\n",
       "    </tr>\n",
       "    <tr>\n",
       "      <th>Age</th>\n",
       "      <td>0.544341</td>\n",
       "      <td>0.263514</td>\n",
       "      <td>0.239528</td>\n",
       "      <td>-0.113970</td>\n",
       "      <td>-0.042163</td>\n",
       "      <td>0.036242</td>\n",
       "      <td>0.033561</td>\n",
       "      <td>1.000000</td>\n",
       "      <td>0.238356</td>\n",
       "    </tr>\n",
       "    <tr>\n",
       "      <th>Outcome</th>\n",
       "      <td>0.221898</td>\n",
       "      <td>0.466581</td>\n",
       "      <td>0.065068</td>\n",
       "      <td>0.074752</td>\n",
       "      <td>0.130548</td>\n",
       "      <td>0.292695</td>\n",
       "      <td>0.173844</td>\n",
       "      <td>0.238356</td>\n",
       "      <td>1.000000</td>\n",
       "    </tr>\n",
       "  </tbody>\n",
       "</table>\n",
       "</div>"
      ],
      "text/plain": [
       "                          Pregnancies   Glucose  BloodPressure  SkinThickness  \\\n",
       "Pregnancies                  1.000000  0.129459       0.141282      -0.081672   \n",
       "Glucose                      0.129459  1.000000       0.152590       0.057328   \n",
       "BloodPressure                0.141282  0.152590       1.000000       0.207371   \n",
       "SkinThickness               -0.081672  0.057328       0.207371       1.000000   \n",
       "Insulin                     -0.073535  0.331357       0.088933       0.436783   \n",
       "BMI                          0.017683  0.221071       0.281805       0.392573   \n",
       "DiabetesPedigreeFunction    -0.033523  0.137337       0.041265       0.183928   \n",
       "Age                          0.544341  0.263514       0.239528      -0.113970   \n",
       "Outcome                      0.221898  0.466581       0.065068       0.074752   \n",
       "\n",
       "                           Insulin       BMI  DiabetesPedigreeFunction  \\\n",
       "Pregnancies              -0.073535  0.017683                 -0.033523   \n",
       "Glucose                   0.331357  0.221071                  0.137337   \n",
       "BloodPressure             0.088933  0.281805                  0.041265   \n",
       "SkinThickness             0.436783  0.392573                  0.183928   \n",
       "Insulin                   1.000000  0.197859                  0.185071   \n",
       "BMI                       0.197859  1.000000                  0.140647   \n",
       "DiabetesPedigreeFunction  0.185071  0.140647                  1.000000   \n",
       "Age                      -0.042163  0.036242                  0.033561   \n",
       "Outcome                   0.130548  0.292695                  0.173844   \n",
       "\n",
       "                               Age   Outcome  \n",
       "Pregnancies               0.544341  0.221898  \n",
       "Glucose                   0.263514  0.466581  \n",
       "BloodPressure             0.239528  0.065068  \n",
       "SkinThickness            -0.113970  0.074752  \n",
       "Insulin                  -0.042163  0.130548  \n",
       "BMI                       0.036242  0.292695  \n",
       "DiabetesPedigreeFunction  0.033561  0.173844  \n",
       "Age                       1.000000  0.238356  \n",
       "Outcome                   0.238356  1.000000  "
      ]
     },
     "execution_count": 25,
     "metadata": {},
     "output_type": "execute_result"
    }
   ],
   "source": [
    "corr_matrix=data.corr(method='pearson')\n",
    "data.corr(method='pearson')\n",
    "# Specifies the correlation method to use (default is Pearson):\n",
    "# pearson: Standard correlation coefficient for linear relationships.\n",
    "# kendall: Correlation coefficient for rank-based relationships.\n",
    "# spearman: Another rank-based correlation coefficient, less sensitive to outliers.\n"
   ]
  },
  {
   "cell_type": "code",
   "execution_count": 26,
   "id": "24438ccb",
   "metadata": {},
   "outputs": [
    {
     "data": {
      "text/html": [
       "<div>\n",
       "<style scoped>\n",
       "    .dataframe tbody tr th:only-of-type {\n",
       "        vertical-align: middle;\n",
       "    }\n",
       "\n",
       "    .dataframe tbody tr th {\n",
       "        vertical-align: top;\n",
       "    }\n",
       "\n",
       "    .dataframe thead th {\n",
       "        text-align: right;\n",
       "    }\n",
       "</style>\n",
       "<table border=\"1\" class=\"dataframe\">\n",
       "  <thead>\n",
       "    <tr style=\"text-align: right;\">\n",
       "      <th></th>\n",
       "      <th>Pregnancies</th>\n",
       "      <th>Glucose</th>\n",
       "      <th>BloodPressure</th>\n",
       "      <th>SkinThickness</th>\n",
       "      <th>Insulin</th>\n",
       "      <th>BMI</th>\n",
       "      <th>DiabetesPedigreeFunction</th>\n",
       "      <th>Age</th>\n",
       "      <th>Outcome</th>\n",
       "    </tr>\n",
       "  </thead>\n",
       "  <tbody>\n",
       "    <tr>\n",
       "      <th>Pregnancies</th>\n",
       "      <td>1.000000</td>\n",
       "      <td>0.091323</td>\n",
       "      <td>0.135440</td>\n",
       "      <td>-0.064401</td>\n",
       "      <td>-0.096417</td>\n",
       "      <td>0.004183</td>\n",
       "      <td>-0.029959</td>\n",
       "      <td>0.458272</td>\n",
       "      <td>0.170370</td>\n",
       "    </tr>\n",
       "    <tr>\n",
       "      <th>Glucose</th>\n",
       "      <td>0.091323</td>\n",
       "      <td>1.000000</td>\n",
       "      <td>0.159961</td>\n",
       "      <td>0.039046</td>\n",
       "      <td>0.163645</td>\n",
       "      <td>0.155862</td>\n",
       "      <td>0.061871</td>\n",
       "      <td>0.196510</td>\n",
       "      <td>0.390565</td>\n",
       "    </tr>\n",
       "    <tr>\n",
       "      <th>BloodPressure</th>\n",
       "      <td>0.135440</td>\n",
       "      <td>0.159961</td>\n",
       "      <td>1.000000</td>\n",
       "      <td>0.094868</td>\n",
       "      <td>-0.003682</td>\n",
       "      <td>0.205222</td>\n",
       "      <td>0.019448</td>\n",
       "      <td>0.246056</td>\n",
       "      <td>0.119206</td>\n",
       "    </tr>\n",
       "    <tr>\n",
       "      <th>SkinThickness</th>\n",
       "      <td>-0.064401</td>\n",
       "      <td>0.039046</td>\n",
       "      <td>0.094868</td>\n",
       "      <td>1.000000</td>\n",
       "      <td>0.420066</td>\n",
       "      <td>0.331532</td>\n",
       "      <td>0.126457</td>\n",
       "      <td>-0.044754</td>\n",
       "      <td>0.076297</td>\n",
       "    </tr>\n",
       "    <tr>\n",
       "      <th>Insulin</th>\n",
       "      <td>-0.096417</td>\n",
       "      <td>0.163645</td>\n",
       "      <td>-0.003682</td>\n",
       "      <td>0.420066</td>\n",
       "      <td>1.000000</td>\n",
       "      <td>0.141587</td>\n",
       "      <td>0.161652</td>\n",
       "      <td>-0.080176</td>\n",
       "      <td>0.058531</td>\n",
       "    </tr>\n",
       "    <tr>\n",
       "      <th>BMI</th>\n",
       "      <td>0.004183</td>\n",
       "      <td>0.155862</td>\n",
       "      <td>0.205222</td>\n",
       "      <td>0.331532</td>\n",
       "      <td>0.141587</td>\n",
       "      <td>1.000000</td>\n",
       "      <td>0.094644</td>\n",
       "      <td>0.088678</td>\n",
       "      <td>0.253676</td>\n",
       "    </tr>\n",
       "    <tr>\n",
       "      <th>DiabetesPedigreeFunction</th>\n",
       "      <td>-0.029959</td>\n",
       "      <td>0.061871</td>\n",
       "      <td>0.019448</td>\n",
       "      <td>0.126457</td>\n",
       "      <td>0.161652</td>\n",
       "      <td>0.094644</td>\n",
       "      <td>1.000000</td>\n",
       "      <td>0.028042</td>\n",
       "      <td>0.143359</td>\n",
       "    </tr>\n",
       "    <tr>\n",
       "      <th>Age</th>\n",
       "      <td>0.458272</td>\n",
       "      <td>0.196510</td>\n",
       "      <td>0.246056</td>\n",
       "      <td>-0.044754</td>\n",
       "      <td>-0.080176</td>\n",
       "      <td>0.088678</td>\n",
       "      <td>0.028042</td>\n",
       "      <td>1.000000</td>\n",
       "      <td>0.257363</td>\n",
       "    </tr>\n",
       "    <tr>\n",
       "      <th>Outcome</th>\n",
       "      <td>0.170370</td>\n",
       "      <td>0.390565</td>\n",
       "      <td>0.119206</td>\n",
       "      <td>0.076297</td>\n",
       "      <td>0.058531</td>\n",
       "      <td>0.253676</td>\n",
       "      <td>0.143359</td>\n",
       "      <td>0.257363</td>\n",
       "      <td>1.000000</td>\n",
       "    </tr>\n",
       "  </tbody>\n",
       "</table>\n",
       "</div>"
      ],
      "text/plain": [
       "                          Pregnancies   Glucose  BloodPressure  SkinThickness  \\\n",
       "Pregnancies                  1.000000  0.091323       0.135440      -0.064401   \n",
       "Glucose                      0.091323  1.000000       0.159961       0.039046   \n",
       "BloodPressure                0.135440  0.159961       1.000000       0.094868   \n",
       "SkinThickness               -0.064401  0.039046       0.094868       1.000000   \n",
       "Insulin                     -0.096417  0.163645      -0.003682       0.420066   \n",
       "BMI                          0.004183  0.155862       0.205222       0.331532   \n",
       "DiabetesPedigreeFunction    -0.029959  0.061871       0.019448       0.126457   \n",
       "Age                          0.458272  0.196510       0.246056      -0.044754   \n",
       "Outcome                      0.170370  0.390565       0.119206       0.076297   \n",
       "\n",
       "                           Insulin       BMI  DiabetesPedigreeFunction  \\\n",
       "Pregnancies              -0.096417  0.004183                 -0.029959   \n",
       "Glucose                   0.163645  0.155862                  0.061871   \n",
       "BloodPressure            -0.003682  0.205222                  0.019448   \n",
       "SkinThickness             0.420066  0.331532                  0.126457   \n",
       "Insulin                   1.000000  0.141587                  0.161652   \n",
       "BMI                       0.141587  1.000000                  0.094644   \n",
       "DiabetesPedigreeFunction  0.161652  0.094644                  1.000000   \n",
       "Age                      -0.080176  0.088678                  0.028042   \n",
       "Outcome                   0.058531  0.253676                  0.143359   \n",
       "\n",
       "                               Age   Outcome  \n",
       "Pregnancies               0.458272  0.170370  \n",
       "Glucose                   0.196510  0.390565  \n",
       "BloodPressure             0.246056  0.119206  \n",
       "SkinThickness            -0.044754  0.076297  \n",
       "Insulin                  -0.080176  0.058531  \n",
       "BMI                       0.088678  0.253676  \n",
       "DiabetesPedigreeFunction  0.028042  0.143359  \n",
       "Age                       1.000000  0.257363  \n",
       "Outcome                   0.257363  1.000000  "
      ]
     },
     "execution_count": 26,
     "metadata": {},
     "output_type": "execute_result"
    }
   ],
   "source": [
    "data.corr(method='kendall')"
   ]
  },
  {
   "cell_type": "code",
   "execution_count": 27,
   "id": "84843558",
   "metadata": {},
   "outputs": [
    {
     "data": {
      "text/html": [
       "<div>\n",
       "<style scoped>\n",
       "    .dataframe tbody tr th:only-of-type {\n",
       "        vertical-align: middle;\n",
       "    }\n",
       "\n",
       "    .dataframe tbody tr th {\n",
       "        vertical-align: top;\n",
       "    }\n",
       "\n",
       "    .dataframe thead th {\n",
       "        text-align: right;\n",
       "    }\n",
       "</style>\n",
       "<table border=\"1\" class=\"dataframe\">\n",
       "  <thead>\n",
       "    <tr style=\"text-align: right;\">\n",
       "      <th></th>\n",
       "      <th>Pregnancies</th>\n",
       "      <th>Glucose</th>\n",
       "      <th>BloodPressure</th>\n",
       "      <th>SkinThickness</th>\n",
       "      <th>Insulin</th>\n",
       "      <th>BMI</th>\n",
       "      <th>DiabetesPedigreeFunction</th>\n",
       "      <th>Age</th>\n",
       "      <th>Outcome</th>\n",
       "    </tr>\n",
       "  </thead>\n",
       "  <tbody>\n",
       "    <tr>\n",
       "      <th>Pregnancies</th>\n",
       "      <td>1.000000</td>\n",
       "      <td>0.130734</td>\n",
       "      <td>0.185127</td>\n",
       "      <td>-0.085222</td>\n",
       "      <td>-0.126723</td>\n",
       "      <td>0.000132</td>\n",
       "      <td>-0.043242</td>\n",
       "      <td>0.607216</td>\n",
       "      <td>0.198689</td>\n",
       "    </tr>\n",
       "    <tr>\n",
       "      <th>Glucose</th>\n",
       "      <td>0.130734</td>\n",
       "      <td>1.000000</td>\n",
       "      <td>0.235191</td>\n",
       "      <td>0.060022</td>\n",
       "      <td>0.213206</td>\n",
       "      <td>0.231141</td>\n",
       "      <td>0.091293</td>\n",
       "      <td>0.285045</td>\n",
       "      <td>0.475776</td>\n",
       "    </tr>\n",
       "    <tr>\n",
       "      <th>BloodPressure</th>\n",
       "      <td>0.185127</td>\n",
       "      <td>0.235191</td>\n",
       "      <td>1.000000</td>\n",
       "      <td>0.126486</td>\n",
       "      <td>-0.006771</td>\n",
       "      <td>0.292870</td>\n",
       "      <td>0.030046</td>\n",
       "      <td>0.350895</td>\n",
       "      <td>0.142921</td>\n",
       "    </tr>\n",
       "    <tr>\n",
       "      <th>SkinThickness</th>\n",
       "      <td>-0.085222</td>\n",
       "      <td>0.060022</td>\n",
       "      <td>0.126486</td>\n",
       "      <td>1.000000</td>\n",
       "      <td>0.541000</td>\n",
       "      <td>0.443615</td>\n",
       "      <td>0.180390</td>\n",
       "      <td>-0.066795</td>\n",
       "      <td>0.089728</td>\n",
       "    </tr>\n",
       "    <tr>\n",
       "      <th>Insulin</th>\n",
       "      <td>-0.126723</td>\n",
       "      <td>0.213206</td>\n",
       "      <td>-0.006771</td>\n",
       "      <td>0.541000</td>\n",
       "      <td>1.000000</td>\n",
       "      <td>0.192726</td>\n",
       "      <td>0.221150</td>\n",
       "      <td>-0.114213</td>\n",
       "      <td>0.066472</td>\n",
       "    </tr>\n",
       "    <tr>\n",
       "      <th>BMI</th>\n",
       "      <td>0.000132</td>\n",
       "      <td>0.231141</td>\n",
       "      <td>0.292870</td>\n",
       "      <td>0.443615</td>\n",
       "      <td>0.192726</td>\n",
       "      <td>1.000000</td>\n",
       "      <td>0.141192</td>\n",
       "      <td>0.131186</td>\n",
       "      <td>0.309707</td>\n",
       "    </tr>\n",
       "    <tr>\n",
       "      <th>DiabetesPedigreeFunction</th>\n",
       "      <td>-0.043242</td>\n",
       "      <td>0.091293</td>\n",
       "      <td>0.030046</td>\n",
       "      <td>0.180390</td>\n",
       "      <td>0.221150</td>\n",
       "      <td>0.141192</td>\n",
       "      <td>1.000000</td>\n",
       "      <td>0.042909</td>\n",
       "      <td>0.175353</td>\n",
       "    </tr>\n",
       "    <tr>\n",
       "      <th>Age</th>\n",
       "      <td>0.607216</td>\n",
       "      <td>0.285045</td>\n",
       "      <td>0.350895</td>\n",
       "      <td>-0.066795</td>\n",
       "      <td>-0.114213</td>\n",
       "      <td>0.131186</td>\n",
       "      <td>0.042909</td>\n",
       "      <td>1.000000</td>\n",
       "      <td>0.309040</td>\n",
       "    </tr>\n",
       "    <tr>\n",
       "      <th>Outcome</th>\n",
       "      <td>0.198689</td>\n",
       "      <td>0.475776</td>\n",
       "      <td>0.142921</td>\n",
       "      <td>0.089728</td>\n",
       "      <td>0.066472</td>\n",
       "      <td>0.309707</td>\n",
       "      <td>0.175353</td>\n",
       "      <td>0.309040</td>\n",
       "      <td>1.000000</td>\n",
       "    </tr>\n",
       "  </tbody>\n",
       "</table>\n",
       "</div>"
      ],
      "text/plain": [
       "                          Pregnancies   Glucose  BloodPressure  SkinThickness  \\\n",
       "Pregnancies                  1.000000  0.130734       0.185127      -0.085222   \n",
       "Glucose                      0.130734  1.000000       0.235191       0.060022   \n",
       "BloodPressure                0.185127  0.235191       1.000000       0.126486   \n",
       "SkinThickness               -0.085222  0.060022       0.126486       1.000000   \n",
       "Insulin                     -0.126723  0.213206      -0.006771       0.541000   \n",
       "BMI                          0.000132  0.231141       0.292870       0.443615   \n",
       "DiabetesPedigreeFunction    -0.043242  0.091293       0.030046       0.180390   \n",
       "Age                          0.607216  0.285045       0.350895      -0.066795   \n",
       "Outcome                      0.198689  0.475776       0.142921       0.089728   \n",
       "\n",
       "                           Insulin       BMI  DiabetesPedigreeFunction  \\\n",
       "Pregnancies              -0.126723  0.000132                 -0.043242   \n",
       "Glucose                   0.213206  0.231141                  0.091293   \n",
       "BloodPressure            -0.006771  0.292870                  0.030046   \n",
       "SkinThickness             0.541000  0.443615                  0.180390   \n",
       "Insulin                   1.000000  0.192726                  0.221150   \n",
       "BMI                       0.192726  1.000000                  0.141192   \n",
       "DiabetesPedigreeFunction  0.221150  0.141192                  1.000000   \n",
       "Age                      -0.114213  0.131186                  0.042909   \n",
       "Outcome                   0.066472  0.309707                  0.175353   \n",
       "\n",
       "                               Age   Outcome  \n",
       "Pregnancies               0.607216  0.198689  \n",
       "Glucose                   0.285045  0.475776  \n",
       "BloodPressure             0.350895  0.142921  \n",
       "SkinThickness            -0.066795  0.089728  \n",
       "Insulin                  -0.114213  0.066472  \n",
       "BMI                       0.131186  0.309707  \n",
       "DiabetesPedigreeFunction  0.042909  0.175353  \n",
       "Age                       1.000000  0.309040  \n",
       "Outcome                   0.309040  1.000000  "
      ]
     },
     "execution_count": 27,
     "metadata": {},
     "output_type": "execute_result"
    }
   ],
   "source": [
    "data.corr(method='spearman')"
   ]
  },
  {
   "cell_type": "code",
   "execution_count": 29,
   "id": "a04bf45d",
   "metadata": {},
   "outputs": [
    {
     "ename": "AttributeError",
     "evalue": "module 'matplotlib' has no attribute 'matshow'",
     "output_type": "error",
     "traceback": [
      "\u001b[1;31m---------------------------------------------------------------------------\u001b[0m",
      "\u001b[1;31mAttributeError\u001b[0m                            Traceback (most recent call last)",
      "Cell \u001b[1;32mIn[29], line 1\u001b[0m\n\u001b[1;32m----> 1\u001b[0m plt\u001b[38;5;241m.\u001b[39mmatshow(corr_matrix, cmap\u001b[38;5;241m=\u001b[39m\u001b[38;5;124m\"\u001b[39m\u001b[38;5;124mcoolwarm\u001b[39m\u001b[38;5;124m\"\u001b[39m)\n",
      "File \u001b[1;32m~\\anaconda3\\Lib\\site-packages\\matplotlib\\_api\\__init__.py:226\u001b[0m, in \u001b[0;36mcaching_module_getattr.<locals>.__getattr__\u001b[1;34m(name)\u001b[0m\n\u001b[0;32m    224\u001b[0m \u001b[38;5;28;01mif\u001b[39;00m name \u001b[38;5;129;01min\u001b[39;00m props:\n\u001b[0;32m    225\u001b[0m     \u001b[38;5;28;01mreturn\u001b[39;00m props[name]\u001b[38;5;241m.\u001b[39m\u001b[38;5;21m__get__\u001b[39m(instance)\n\u001b[1;32m--> 226\u001b[0m \u001b[38;5;28;01mraise\u001b[39;00m \u001b[38;5;167;01mAttributeError\u001b[39;00m(\n\u001b[0;32m    227\u001b[0m     \u001b[38;5;124mf\u001b[39m\u001b[38;5;124m\"\u001b[39m\u001b[38;5;124mmodule \u001b[39m\u001b[38;5;132;01m{\u001b[39;00m\u001b[38;5;28mcls\u001b[39m\u001b[38;5;241m.\u001b[39m\u001b[38;5;18m__module__\u001b[39m\u001b[38;5;132;01m!r}\u001b[39;00m\u001b[38;5;124m has no attribute \u001b[39m\u001b[38;5;132;01m{\u001b[39;00mname\u001b[38;5;132;01m!r}\u001b[39;00m\u001b[38;5;124m\"\u001b[39m)\n",
      "\u001b[1;31mAttributeError\u001b[0m: module 'matplotlib' has no attribute 'matshow'"
     ]
    }
   ],
   "source": [
    "plt.matshow(corr_matrix, cmap=\"coolwarm\")"
   ]
  },
  {
   "cell_type": "code",
   "execution_count": null,
   "id": "5546ecc5",
   "metadata": {},
   "outputs": [],
   "source": []
  }
 ],
 "metadata": {
  "kernelspec": {
   "display_name": "Python 3 (ipykernel)",
   "language": "python",
   "name": "python3"
  },
  "language_info": {
   "codemirror_mode": {
    "name": "ipython",
    "version": 3
   },
   "file_extension": ".py",
   "mimetype": "text/x-python",
   "name": "python",
   "nbconvert_exporter": "python",
   "pygments_lexer": "ipython3",
   "version": "3.11.5"
  }
 },
 "nbformat": 4,
 "nbformat_minor": 5
}
